void setup(){
size(1000,1000);
background(255);
}
void draw(){
noFill();
stroke(0,0,0);
fill(255,255,255,128);
fill(255,255,255,128);
rect(0,0,444,444);
fill(0,0,0,128);
fill(255,255,255,128);
rect(0,0,0,0);
fill(0,0,0,128);
textSize(10);
text("0",0,0);
fill(255,255,255,128);
rect(323,168,43,33);
fill(0,0,0,128);
textSize(10);
text("0",323,201);
fill(255,255,255,128);
rect(258,50,65,37);
fill(0,0,0,128);
textSize(10);
text("1",258,87);
fill(255,255,255,128);
rect(377,415,53,34);
fill(0,0,0,128);
textSize(10);
text("2",377,449);
fill(255,255,255,128);
rect(0,0,37,67);
fill(0,0,0,128);
textSize(10);
text("3",0,67);
fill(255,255,255,128);
rect(173,310,29,19);
fill(0,0,0,128);
textSize(10);
text("4",173,329);
fill(255,255,255,128);
rect(233,357,39,49);
fill(0,0,0,128);
textSize(10);
text("5",233,406);
fill(255,255,255,128);
rect(58,302,40,18);
fill(0,0,0,128);
textSize(10);
text("6",58,320);
fill(255,255,255,128);
rect(117,139,22,40);
fill(0,0,0,128);
textSize(10);
text("7",117,179);
fill(255,255,255,128);
rect(208,65,50,62);
fill(0,0,0,128);
textSize(10);
text("8",208,127);
fill(255,255,255,128);
rect(54,40,16,41);
fill(0,0,0,128);
textSize(10);
text("9",54,81);
fill(255,255,255,128);
rect(377,348,18,52);
fill(0,0,0,128);
textSize(10);
text("10",377,400);
fill(255,255,255,128);
rect(147,140,39,59);
fill(0,0,0,128);
textSize(10);
text("11",147,199);
fill(255,255,255,128);
rect(197,127,61,28);
fill(0,0,0,128);
textSize(10);
text("12",197,155);
fill(255,255,255,128);
rect(323,55,48,57);
fill(0,0,0,128);
textSize(10);
text("13",323,112);
fill(255,255,255,128);
rect(54,139,63,43);
fill(0,0,0,128);
textSize(10);
text("14",54,182);
fill(255,255,255,128);
rect(152,0,59,52);
fill(0,0,0,128);
textSize(10);
text("15",152,52);
fill(255,255,255,128);
rect(399,0,36,57);
fill(0,0,0,128);
textSize(10);
text("16",399,57);
fill(255,255,255,128);
rect(61,182,44,66);
fill(0,0,0,128);
textSize(10);
text("17",61,248);
fill(255,255,255,128);
rect(61,359,48,51);
fill(0,0,0,128);
textSize(10);
text("18",61,410);
fill(255,255,255,128);
rect(396,210,31,50);
fill(0,0,0,128);
textSize(10);
text("19",396,260);
fill(255,255,255,128);
rect(272,381,37,19);
fill(0,0,0,128);
textSize(10);
text("20",272,400);
fill(255,255,255,128);
rect(258,0,64,50);
fill(0,0,0,128);
textSize(10);
text("21",258,50);
fill(255,255,255,128);
rect(61,410,49,34);
fill(0,0,0,128);
textSize(10);
text("22",61,444);
fill(255,255,255,128);
rect(241,155,20,49);
fill(0,0,0,128);
textSize(10);
text("23",241,204);
fill(255,255,255,128);
rect(98,45,45,28);
fill(0,0,0,128);
textSize(10);
text("24",98,73);
fill(255,255,255,128);
rect(58,320,54,39);
fill(0,0,0,128);
textSize(10);
text("25",58,359);
fill(255,255,255,128);
rect(186,155,55,40);
fill(0,0,0,128);
textSize(10);
text("26",186,195);
fill(255,255,255,128);
rect(148,309,25,65);
fill(0,0,0,128);
textSize(10);
text("27",148,374);
fill(255,255,255,128);
rect(218,255,39,46);
fill(0,0,0,128);
textSize(10);
text("28",218,301);
fill(255,255,255,128);
rect(412,348,24,62);
fill(0,0,0,128);
textSize(10);
text("29",412,410);
fill(255,255,255,128);
rect(109,359,24,26);
fill(0,0,0,128);
textSize(10);
text("30",109,385);
fill(255,255,255,128);
rect(241,213,26,34);
fill(0,0,0,128);
textSize(10);
text("31",241,247);
fill(255,255,255,128);
rect(148,256,43,53);
fill(0,0,0,128);
textSize(10);
text("32",148,309);
fill(255,255,255,128);
rect(70,40,22,35);
fill(0,0,0,128);
textSize(10);
text("33",70,75);
fill(255,255,255,128);
rect(58,248,27,54);
fill(0,0,0,128);
textSize(10);
text("34",58,302);
fill(255,255,255,128);
rect(22,145,31,38);
fill(0,0,0,128);
textSize(10);
text("35",22,183);
fill(255,255,255,128);
rect(108,248,39,67);
fill(0,0,0,128);
textSize(10);
text("36",108,315);
fill(255,255,255,128);
rect(371,55,20,60);
fill(0,0,0,128);
textSize(10);
text("37",371,115);
fill(255,255,255,128);
rect(276,294,23,57);
fill(0,0,0,128);
textSize(10);
text("38",276,351);
fill(255,255,255,128);
rect(145,85,52,55);
fill(0,0,0,128);
textSize(10);
text("39",145,140);
fill(255,255,255,128);
rect(133,374,26,29);
fill(0,0,0,128);
textSize(10);
text("40",133,403);
fill(255,255,255,128);
rect(191,255,27,55);
fill(0,0,0,128);
textSize(10);
text("41",191,310);
fill(255,255,255,128);
rect(261,114,62,53);
fill(0,0,0,128);
textSize(10);
text("42",261,167);
fill(255,255,255,128);
rect(261,167,61,46);
fill(0,0,0,128);
textSize(10);
text("43",261,213);
fill(255,255,255,128);
rect(312,378,65,47);
fill(0,0,0,128);
textSize(10);
text("44",312,425);
fill(255,255,255,128);
rect(85,248,23,44);
fill(0,0,0,128);
textSize(10);
text("45",85,292);
fill(255,255,255,128);
rect(391,80,39,22);
fill(0,0,0,128);
textSize(10);
text("46",391,102);
fill(255,255,255,128);
rect(143,52,65,33);
fill(0,0,0,128);
textSize(10);
text("47",143,85);
fill(255,255,255,128);
rect(377,321,57,27);
fill(0,0,0,128);
textSize(10);
text("48",377,348);
fill(255,255,255,128);
rect(211,0,47,65);
fill(0,0,0,128);
textSize(10);
text("49",211,65);
fill(255,255,255,128);
rect(323,115,67,32);
fill(0,0,0,128);
textSize(10);
text("50",323,147);
fill(255,255,255,128);
rect(147,199,38,57);
fill(0,0,0,128);
textSize(10);
text("51",147,256);
fill(255,255,255,128);
rect(98,0,54,45);
fill(0,0,0,128);
textSize(10);
text("52",98,45);
fill(255,255,255,128);
rect(323,147,43,21);
fill(0,0,0,128);
textSize(10);
text("53",323,168);
fill(255,255,255,128);
rect(418,144,18,61);
fill(0,0,0,128);
textSize(10);
text("54",418,205);
fill(255,255,255,128);
rect(242,301,34,56);
fill(0,0,0,128);
textSize(10);
text("55",242,357);
fill(255,255,255,128);
rect(37,0,17,63);
fill(0,0,0,128);
textSize(10);
text("56",37,63);
fill(255,255,255,128);
rect(323,201,18,47);
fill(0,0,0,128);
textSize(10);
text("57",323,248);
fill(255,255,255,128);
rect(276,260,46,34);
fill(0,0,0,128);
textSize(10);
text("58",276,294);
fill(255,255,255,128);
rect(262,406,50,37);
fill(0,0,0,128);
textSize(10);
text("59",262,443);
fill(255,255,255,128);
rect(202,310,40,23);
fill(0,0,0,128);
textSize(10);
text("60",202,333);
fill(255,255,255,128);
rect(391,57,33,23);
fill(0,0,0,128);
textSize(10);
text("61",391,80);
fill(255,255,255,128);
rect(159,421,60,19);
fill(0,0,0,128);
textSize(10);
text("62",159,440);
fill(255,255,255,128);
rect(22,337,36,45);
fill(0,0,0,128);
textSize(10);
text("63",22,382);
fill(255,255,255,128);
rect(267,213,50,47);
fill(0,0,0,128);
textSize(10);
text("64",267,260);
fill(255,255,255,128);
rect(0,244,57,56);
fill(0,0,0,128);
textSize(10);
text("65",0,300);
fill(255,255,255,128);
rect(369,260,67,61);
fill(0,0,0,128);
textSize(10);
text("66",369,321);
fill(255,255,255,128);
rect(54,0,44,40);
fill(0,0,0,128);
textSize(10);
text("67",54,40);
fill(255,255,255,128);
rect(366,147,52,63);
fill(0,0,0,128);
textSize(10);
text("68",366,210);
fill(255,255,255,128);
rect(258,87,54,27);
fill(0,0,0,128);
textSize(10);
text("69",258,114);
fill(255,255,255,128);
rect(391,102,42,42);
fill(0,0,0,128);
textSize(10);
text("70",391,144);
fill(255,255,255,128);
rect(312,425,64,22);
fill(0,0,0,128);
textSize(10);
text("71",312,447);
fill(255,255,255,128);
rect(0,183,61,61);
fill(0,0,0,128);
textSize(10);
text("72",0,244);
fill(255,255,255,128);
rect(0,382,61,67);
fill(0,0,0,128);
textSize(10);
text("73",0,449);
fill(255,255,255,128);
rect(224,406,38,42);
fill(0,0,0,128);
textSize(10);
text("74",224,448);
fill(255,255,255,128);
rect(257,260,19,28);
fill(0,0,0,128);
textSize(10);
text("75",257,288);
fill(255,255,255,128);
rect(0,145,22,33);
fill(0,0,0,128);
textSize(10);
text("76",0,178);
fill(255,255,255,128);
rect(309,321,66,57);
fill(0,0,0,128);
textSize(10);
text("77",309,378);
fill(255,255,255,128);
rect(112,315,36,32);
fill(0,0,0,128);
textSize(10);
text("78",112,347);
fill(255,255,255,128);
rect(173,345,60,41);
fill(0,0,0,128);
textSize(10);
text("79",173,386);
fill(255,255,255,128);
rect(341,201,16,58);
fill(0,0,0,128);
textSize(10);
text("80",341,259);
fill(255,255,255,128);
rect(54,81,40,50);
fill(0,0,0,128);
textSize(10);
text("81",54,131);
fill(255,255,255,128);
rect(322,259,47,57);
fill(0,0,0,128);
textSize(10);
text("82",322,316);
fill(255,255,255,128);
rect(0,337,22,16);
fill(0,0,0,128);
textSize(10);
text("83",0,353);
fill(255,255,255,128);
rect(323,33,67,22);
fill(0,0,0,128);
textSize(10);
text("84",323,55);
fill(255,255,255,128);
rect(379,0,20,25);
fill(0,0,0,128);
textSize(10);
text("85",379,25);
fill(255,255,255,128);
rect(0,300,56,37);
fill(0,0,0,128);
textSize(10);
text("86",0,337);
fill(255,255,255,128);
rect(357,210,39,44);
fill(0,0,0,128);
textSize(10);
text("87",357,254);
fill(255,255,255,128);
rect(272,357,37,24);
fill(0,0,0,128);
textSize(10);
text("88",272,381);
fill(255,255,255,128);
rect(186,195,38,27);
fill(0,0,0,128);
textSize(10);
text("89",186,222);
fill(255,255,255,128);
rect(185,222,39,33);
fill(0,0,0,128);
textSize(10);
text("90",185,255);
fill(255,255,255,128);
rect(323,0,56,33);
fill(0,0,0,128);
textSize(10);
text("91",323,33);
fill(255,255,255,128);
rect(173,329,26,16);
fill(0,0,0,128);
textSize(10);
text("92",173,345);
fill(255,255,255,128);
rect(159,386,65,35);
fill(0,0,0,128);
textSize(10);
text("93",159,421);
fill(255,255,255,128);
rect(0,67,41,59);
fill(0,0,0,128);
textSize(10);
text("94",0,126);
fill(255,255,255,128);
rect(0,126,51,19);
fill(0,0,0,128);
textSize(10);
text("95",0,145);
fill(255,255,255,128);
rect(105,182,40,66);
fill(0,0,0,128);
textSize(10);
text("96",105,248);
fill(255,255,255,128);
rect(395,348,17,67);
fill(0,0,0,128);
textSize(10);
text("97",395,415);
fill(255,255,255,128);
rect(110,385,22,62);
fill(0,0,0,128);
textSize(10);
text("98",110,447);
fill(255,255,255,128);
rect(94,73,49,66);
fill(0,0,0,128);
textSize(10);
text("99",94,139);
}
